01011111001001111110    // (1 is a write, 0 is a read) Local Read miss: no other copies in caches #READ_MISS_1
11001000001111111010    // Local Write miss: No other copies, state = E #WRITE_MISS_1
11001000001111111010    // Local Write hit: State change E -> M #WRITE_HIT_E
00011101101110011110    
11101010001100011010
01110011000110011101
01110100000101011010
10101000100101011100
00111111110111011101
01100110010100101010
11001000010110101100
00011101010100101001
10000010110111101010
10000011110101101100
01011111010111100011
11001000011110000110
00100101111100000000
00111110111110000011
10101010111101000100
01100101011111000000
11110100011101010111
10101010111110110100
00001111111000110000
10010010101000110111
01001001001011110000
01011101001001110110
10010010100011110111
00000111100000010000
00111100100010010110
11111000000000010011
01100111000011010000
10111110100011000110
10111000100001000001
00000101000010000100
11010000000000100110
01011011000010100001
00001111100001100100
10010000101011100010
00011101011001100101
11101110011000100110
11110010011010000010
00100101111000000101
10101100111011010010
11111000011001010001
01100111011111010101
11001010011100010010
00011001111110110101
00000101110110110001
11000010010101110010
01011111010111110101
11000100010101110011
10100000110111110110
00111111100100010101
11101010000110000011
01100010000100000110
01110101100101000001
10101000100111000111
00000011100101000100
01010111001110100001
11001000001100100111
01011101101110100000
10010111101101100001
10000010101111100111
01111101001111100000
11110000001100010111
01100000101010010011
00111111101000010000
10111010111011010111
01000001011001010011
11010101010011010100
10011010110000010111
00000111110010110001
10010101110010110100
11011000010001110011
01101101010011110101
10110010110001100110
00100010110010100011
00101101010000000101
11110000010010000010
01100011011001000011
10001111111001000101
10011000111011000010
00000101001000000101
11000111001010100001
01011010001000100010
00000111101011100101
10100000101101110001
00111000001111110110
11101111001110110101
11100010001100010011
00110101100110010110
10101101100101010001
10010010000111010111
01010111000101010110
11001111100110010001
00011000100100110111
00010101100100110000
10001010010110100001
01111010010101100111
11110101110111100000
