10100000110101100111
00111110111110000011
11111111011100000000
01000000011110000111
01011101111111000011
10011101111101000100
00000010111111000111
01010111011100100001
11011000011010110100
01101000111000110011
10110111111011110001
10101010100001110100
01101100000001110011
11110101000010110101
01100010100000010010
00001111100010010011
10011111000001010101
01000000000011010010
11001101000001010111
11011010100010000101
00000010100010100010
10100101000000100101
11111000001011100001
01101110001001100110
11100111101011100101
00111010101000100011
00101101011010000110
11010001011000000001
01010010011001000011
11001111111111000110
10011000111101010001
00010000011110010111
11001111011100110000
01111010010110110001
00110100110101110111
10100101110111110000
00111000010111110101
01111111010100110110
11000011110110010000
00011000110100010111
10011101110111010010
10000011000101000100
01010010000111000111
11001101101101000010
00100000101100100100
00110100101110100011
10101111001100100000
01101010001111100100
11110101101101100011
10100001101111100100
00001010101100100000
10010111001010000011
01000001001010010100
01001100101001010010
10011111100011010111
00000010100001010100
00100110010010010010
11111101010000110101
01100000110010110000
10100111110001111110
10111011010001111101
00101000010011111000
11010101010000111110
01010011110010001001
00001110110000001010
10010101011011001110
01010000011001001001
11001100011011001110
11111111111010001010
00110010111000101001
10100101001010101110
11111001001001101000
01110010001111101101
11000111101101101110
00011001101110111000
00011100000100011101
11000101000100011010
01010010100111011000
11001110100101011111
10100101100111011010
00110000000100011100
11101110000110111011
01101011100100111000
01110000100111111100
10100101100111111011
00001011010101101100
01010110011110101100
11000111111100101011
01001000111110001100
10011100111100001010
10000011011111001111
01101010011101001100
11111100111101001010
01100001111110001111
00110010111000101000
10111111011010101010
01101011010001111101
11010100110011111000
10011101110001111110
00001010010010111001
