10010110000010011000
11010001000000011110
01001000100011011001
10111110100001011110
00110011000011011110
01011111001001111110
11111101000010111110    
11011111001001111110
01110001101000101010    
10011111001011101110
00011000001001101000
11000100001010101101
01011011101000001010
00001010101010001000
10100100001001001111
00110001011111001010
11101010011111001100
11101111111100001011
00110011110110111010
10101100010100111100
10001101010111111011
01010011110101111100
11000110110111111100
00001001110100111011
00011000010100011100
10000110010110011000
01101011110101011111
11111110110111011100
10100101111101011010
00110001011110001111
11111110001100001000
01101111101110101011
01010001101111101111
10011100101101101000
00001011001111101111
01010010001101101001
11010100101010101000
01001001101000001111
10110100001010001001
10110111000001001110
01101011000001011111
11111100100011011001
01110101100000011110
00000011000010111011
10011110010000111101
01000001010011111110
11000000110001111001
11011100110011111101
00001011010000111010
10100110010000011001
11110101011010011101
01101001111001001010
11100110111011001101
00110111011001001111
00101001011010001010
11001100011000101101
01010011111010101011
11000010111011101110
10001110011101101101
00010001001111101011
11000100100100101100
01101110100110001001
00111011100100011011
10100100000111011100
00110001000101011001
11111011100101011111
11100110100110011000
00010001100100011011
10011000000110111111
10001100000101111000
01010011100111111111
11010110101101111101
00001100101110111000
00110001001110101111
10110110011100001001
01101011111111001100
11111001111101001111
10110100111111001001
00000001011100001110
10011010011010001011
01000110111000101001
01000001111000101110
10011100010011101011
00001110010001101101
00100011010011111010
11111100110000111001
01101001110010011101
10100011010000011010
10110110010011011101
01101011000011011101
11001000100001011010
01010100100010011101
00001011001000111011
10001110001010111110
01010100001001111101
11000001101011101011
11111110101001101100
00111011001000101001
10100011001010001011
11111100001000001100
