01111001101011001001
11100110101101001111
00010110001111001000
00011001010100001011
11001100110110100111
01010110110110100000
11011011110101110111
10001100010111110111
00110001010101110000
11110001110110110111
01101110110100110001
01111011110110010100
10110101010101010111
00001100010101010001
01011011111111010100
11000110111100010011
01000100111110010001
10011001011100100110
10001110001111100011
01100011101101100101
11111011101111100110
00101100001110100011
00100001001000100101
10110111001010000010
01101110100001000101
11001001100011000101
10010100000001000010
00001010000011000101
10001011000000010010
01010110100000110010
01000001100010110101
10111001000001110010
00110110000011110110
00100011010001110001
11111101110010110010
01111100111000010100
10100011011010010001
10010110011011010110
00011000011001010100
11000001111011000001
01010100111000000110
00011011011010100000
10001011011000100111
00110100111011100110
11110001111101100000
11101111111101100111
00110110010110100010
10100001010100100000
10001100100110000111
01011000100101000000
11000011100111010100
00000110000101010011
00011000000110010000
11000001100110010110
01100110100100110011
11111011100111110100
10101101001101110110
00100100001111110011
11110011101100110100
01101110101110110010
01000010101100010101
10010001001101000100
00001100011111000010
01001010111101000101
11010111111110000000
01000100011000000010
10111001011010100101
10110111010001100010
01100110110011100110
11111001110011100001
01111100010000100010
00100000010010100110
10010011010000010001
01011110110010010110
11000000110001010100
11010101010011010001
00011110010001010110
10001011000000010000
11110101101010110101
01111100101000110110
11101001001011110000
00110110001001110111
00100010101011110010
11001001101000100000
01011100101010100111
10000010001010000000
10001111001001000100
00011100101111000011
11000001100101000000
01100111100110000100
00111110000100000011
10101011000110100100
00100101110101100110
11111000110101100011
11101011110111110100
00000110010100110010
10010000010110110011
10001101110100010100
01011110110111010010
11010011111101010101
