98.6204
-29.4257
66.5747
36.7646
58.7621
81.423
90.1609
73.198
-75.1949
53.1063
-43.2824
-2.28038
91.9371
10.9529
50.4918
-50.2035
57.101
-20.1635
-94.9752
-51.7909
-94.0477
6.38211
-39.2024
35.7606
72.3679
0.591408
45.6505
80.1125
-73.6208
48.6377
-95.6533
-75.0004
-80.788
70.9214
61.7643
77.9741
52.3444
51.9251
51.1721
77.1495
5.03145
-92.1103
-25.1309
-3.03143
18.8427
-74.6391
46.765
-24.0564
5.19742
51.7899
24.1526
11.1497
-41.828
84.9502
-53.0897
-69.4601
-14.4584
92.5608
-89.3476
11.9209
41.1985
-85.0009
36.9205
60.4106
85.9205
-1.3152
38.3846
38.2649
-49.3901
-10.4433
15.4143
55.6414
-2.55355
90.2834
-47.3901
-83.7109
-84.3557
99.375
-7.7673
20.8417
51.1649
-83.6146
-68.0086
-90.6632
-98.6644
-21.0983
-60.1233
-13.1228
-28.5375
-49.4709
98.7981
-87.3389
-34.4719
35.7186
73.0716
-48.5514
-65.5966
11.4562
89.7135
-14.9867
-98.987
5.12782
-59.3453
-1.54057
-4.58873
-6.73537
14.7485
11.0556
-7.3604
-93.0188
-68.1027
-56.1955
-76.6334
-36.1113
-46.8587
-75.2978
42.7904
-6.982
11.5794
-85.747
43.5471
10.3774
-73.086
-90.9248
-53.904
99.9856
-39.4762
-19.5006
11.4419
-49.7627
65.5127
12.4548
55.3651
-93.8326
-89.0857
-49.2236
-0.567978
25.6628
61.8319
92.0716
32.6441
93.7292
-64.1239
56.0107
-42.3821
-10.9826
80.7128
-99.5916
82.0354
-7.70783
-85.3387
25.5824
-97.3304
-58.4247
34.6576
-51.2344
-58.4391
95.1814
29.265
53.0028
-54.5813
-5.2223
-34.5424
-99.2162
0.945091
-23.6281
-48.4398
-99.6229
-97.9653
-86.6079
92.4487
34.6788
-92.8786
-71.6752
-9.31059
-35.2607
17.3422
-28.5978
-34.8523
-0.622467
63.6944
-20.191
-75.0401
66.364
21.3843
59.6176
-84.8704
62.9452
54.799
44.3946
15.948
-99.7823
-60.8277
81.4056
-98.9985
40.1174
-42.2225
-47.4384
40.4945
-40.1878
-34.0462
32.9432
94.491
-26.9249
61.268
-14.8196
37.8144
-21.3898
56.5826
-97.0379
77.9877
20.277
-17.2289
-97.0523
-13.359
-95.8446
62.5652
1.77059
67.1006
17.3642
-53.8348
-16.9514
17.5818
-14.6626
-35.5458
18.5833
-74.5452
22.2318
71.1449
65.9493
82.044
-62.9013
-1.10747
76.535
10.1738
-39.8394
-38.2846
-52.0117
38.7708
-81.702
-49.0497
16.7585
38.575
33.7214
19.7062
-74.784
37.8768
-17.7286
26.9866
4.97742
99.6356
73.1518
88.026
17.2174
-41.5108
-47.5197
