14.135
82.8054
8.56895
94.2621
-90.0257
23.5691
-52.4045
-17.5538
-95.786
90.1943
48.0993
36.1002
-37.0673
-28.6128
35.1803
37.5104
-39.1832
65.8049
-47.0931
86.2191
13.6942
-88.8963
96.6989
-29.3662
-81.7662
52.947
30.1533
75.4403
-12.8323
43.3678
-52.2526
-98.6973
26.1732
56.3163
95.5647
36.1475
-20.1146
-56.8398
-81.4063
-15.9006
-66.6455
66.693
-79.8004
-3.71279
-61.9197
55.3799
-66.2024
-1.10295
21.1848
-13.2955
-14.8839
-65.1211
-2.19184
-18.185
5.51272
16.0419
-65.2381
-64.334
-8.51779
21.9297
79.0338
39.2296
23.2324
5.207
-4.4541
18.7971
-58.6455
75.4313
61.9574
-40.0518
-40.4693
95.3119
-73.3588
-20.2697
-8.40092
-35.2785
-64.8898
25.3967
63.6185
56.295
-87.8989
-51.2654
91.1739
9.90927
30.5496
-3.31338
-74.0488
65.3116
32.3526
17.4334
-12.7588
11.3865
-43.337
-89.5264
-83.4065
52.2089
29.2707
-42.0521
27.6401
-8.77196
17.8961
87.1708
-13.4601
44.5373
-33.0989
78.139
-90.7412
2.0113
3.53565
72.8773
-41.6937
15.6368
-78.3881
-50.5198
-74.4539
52.1615
46.1668
-48.5027
17.4731
-21.4806
68.9307
-95.2857
89.9059
-74.4063
-84.8121
-93.5006
77.8025
44.4586
-35.5527
5.44267
-64.3134
82.3434
-7.38651
22.2265
26.8808
59.5146
0.365547
36.1396
-38.4741
-96.0988
9.01688
19.8321
19.538
30.6288
69.3123
45.084
-17.2096
15.4791
96.5813
-99.7366
93.9985
65.5119
-95.0222
83.9044
91.1056
-79.8343
90.4037
68.9081
64.6243
-45.149
-25.6492
-99.6891
-62.8055
66.9643
22.5374
64.0752
26.4789
-77.097
0.214806
88.0047
-73.1958
-90.7683
7.83688
46.3421
39.8605
-22.8508
-8.57384
-77.3491
92.6283
-11.9926
-77.0857
86.6268
-46.4806
-72.1079
70.5312
-55.3751
-51.9423
60.935
-86.467
-87.318
-84.214
-12.1162
-87.0071
-47.0195
-45.1519
35.5303
-82.9443
81.3269
58.4333
17.2705
69.3317
85.2375
26.5022
-22.8314
31.5796
-33.6373
54.3177
-76.9942
-10.9865
46.946
11.0132
11.9278
33.5728
64.5326
39.8199
4.10401
-90.8425
87.8776
-34.961
-77.3095
-99.4404
-19.175
10.5743
-86.4476
33.8054
65.4224
49.0828
50.8611
46.7494
7.51608
-31.8684
16.0811
-7.24644
94.6338
93.2496
-75.6668
-39.0035
47.5674
-52.661
50.01
-5.48663
58.3522
-38.0622
-71.9138
22.8847
-98.2423
32.1902
32.0422
89.6353
97.2291
54.7327
90.1949
-21.9459
-34.6929
-96.2527
-88.1405
